0	0	0	3584	208	4	0
01	0	0	1792	104	4	0
011	0	0	896	52	0	0
012	896	0	896	52	0	0
013	0	52	896	52	4	0
0131	0	52	448	26	0	0
0132	448	52	448	26	4	0
01321	448	52	224	13	0	0
01322	672	52	224	13	0	0
01323	448	65	224	13	4	0
013231	448	65	112	6	0	0
013232	560	65	112	6	0	1	3
013233	448	71	112	6	0	0
013234	560	71	112	6	0	1	3
01324	672	65	224	13	4	0
013241	672	65	112	6	0	1	3
013242	784	65	112	6	0	0
013243	672	71	112	6	0	1	3
013244	784	71	112	6	0	0
0133	0	78	448	26	4	0
01331	0	78	224	13	0	0
01332	224	78	224	13	0	0
01333	0	91	224	13	0	0
01334	224	91	224	13	4	0
013341	224	91	112	6	0	0
013342	336	91	112	6	0	1	2
013343	224	97	112	6	0	0
013344	336	97	112	6	0	1	2
0134	448	78	448	26	4	0
01341	448	78	224	13	4	0
013411	448	78	112	6	0	0
013412	560	78	112	6	0	1	3
013413	448	84	112	6	0	0
013414	560	84	112	6	0	0
01342	672	78	224	13	4	0
013421	672	78	112	6	0	1	3
013422	784	78	112	6	0	0
013423	672	84	112	6	0	0
013424	784	84	112	6	0	0
01343	448	91	224	13	4	0
013431	448	91	112	6	0	1	2
013432	560	91	112	6	0	1	2
013433	448	97	112	6	0	1	2
013434	560	97	112	6	0	1	2
01344	672	91	224	13	0	0
014	896	52	896	52	4	0
0141	896	52	448	26	4	0
01411	896	52	224	13	0	0
01412	1120	52	224	13	0	0
01413	896	65	224	13	4	0
014131	896	65	112	6	0	0
014132	1008	65	112	6	0	1	9
014133	896	71	112	6	0	0
014134	1008	71	112	6	0	1	9
01414	1120	65	224	13	4	0
014141	1120	65	112	6	0	2	9	12
014142	1232	65	112	6	0	1	12
014143	1120	71	112	6	0	2	9	12
014144	1232	71	112	6	0	1	12
0142	1344	52	448	26	4	0
01421	1344	52	224	13	0	0
01422	1568	52	224	13	0	0
01423	1344	65	224	13	0	0
01424	1568	65	224	13	4	0
014241	1568	65	112	6	0	1	17
014242	1680	65	112	6	0	1	17
014243	1568	71	112	6	0	1	17
014244	1680	71	112	6	0	1	17
0143	896	78	448	26	4	0
01431	896	78	224	13	4	0
014311	896	78	112	6	0	0
014312	1008	78	112	6	0	1	9
014313	896	84	112	6	0	0
014314	1008	84	112	6	0	0
01432	1120	78	224	13	4	0
014321	1120	78	112	6	0	2	9	12
014322	1232	78	112	6	0	1	12
014323	1120	84	112	6	0	0
014324	1232	84	112	6	0	0
01433	896	91	224	13	4	0
014331	896	91	112	6	0	0
014332	1008	91	112	6	0	0
014333	896	97	112	6	0	1	6
014334	1008	97	112	6	0	0
01434	1120	91	224	13	4	0
014341	1120	91	112	6	0	0
014342	1232	91	112	6	0	1	14
014343	1120	97	112	6	0	0
014344	1232	97	112	6	0	1	14
0144	1344	78	448	26	4	0
01441	1344	78	224	13	0	0
01442	1568	78	224	13	4	0
014421	1568	78	112	6	0	1	17
014422	1680	78	112	6	0	1	17
014423	1568	84	112	6	0	0
014424	1680	84	112	6	0	0
01443	1344	91	224	13	4	0
014431	1344	91	112	6	0	1	14
014432	1456	91	112	6	0	1	14
014433	1344	97	112	6	0	1	14
014434	1456	97	112	6	0	1	14
01444	1568	91	224	13	4	0
014441	1568	91	112	6	0	1	14
014442	1680	91	112	6	0	0
014443	1568	97	112	6	0	1	14
014444	1680	97	112	6	0	0
02	1792	0	1792	104	4	0
021	1792	0	896	52	0	0
022	2688	0	896	52	0	0
023	1792	52	896	52	4	0
0231	1792	52	448	26	4	0
02311	1792	52	224	13	0	0
02312	2016	52	224	13	0	0
02313	1792	65	224	13	4	0
023131	1792	65	112	6	0	1	20
023132	1904	65	112	6	0	1	20
023133	1792	71	112	6	0	1	20
023134	1904	71	112	6	0	1	20
02314	2016	65	224	13	0	0
0232	2240	52	448	26	0	0
0233	1792	78	448	26	4	0
02331	1792	78	224	13	4	0
023311	1792	78	112	6	0	1	20
023312	1904	78	112	6	0	1	20
023313	1792	84	112	6	0	0
023314	1904	84	112	6	0	0
02332	2016	78	224	13	0	0
02333	1792	91	224	13	4	0
023331	1792	91	112	6	0	0
023332	1904	91	112	6	0	0
023333	1792	97	112	6	0	1	19
023334	1904	97	112	6	0	0
02334	2016	91	224	13	4	0
023341	2016	91	112	6	0	0
023342	2128	91	112	6	0	1	23
023343	2016	97	112	6	0	0
023344	2128	97	112	6	0	1	23
0234	2240	78	448	26	0	0
024	2688	52	896	52	4	0
0241	2688	52	448	26	0	0
0242	3136	52	448	26	0	0
0243	2688	78	448	26	4	0
02431	2688	78	224	13	0	0
02432	2912	78	224	13	0	0
02433	2688	91	224	13	4	0
024331	2688	91	112	6	0	1	30
024332	2800	91	112	6	0	1	30
024333	2688	97	112	6	0	1	30
024334	2800	97	112	6	0	1	30
02434	2912	91	224	13	0	0
0244	3136	78	448	26	0	0
03	0	104	1792	104	4	0
031	0	104	896	52	4	0
0311	0	104	448	26	4	0
03111	0	104	224	13	0	0
03112	224	104	224	13	4	0
031121	224	104	112	6	0	0
031122	336	104	112	6	0	1	2
031123	224	110	112	6	0	0
031124	336	110	112	6	0	1	2
03113	0	117	224	13	0	0
03114	224	117	224	13	4	0
031141	224	117	112	6	0	0
031142	336	117	112	6	0	0
031143	224	123	112	6	0	0
031144	336	123	112	6	0	0
0312	448	104	448	26	4	0
03121	448	104	224	13	4	0
031211	448	104	112	6	0	1	2
031212	560	104	112	6	0	1	2
031213	448	110	112	6	0	1	2
031214	560	110	112	6	0	1	2
03122	672	104	224	13	0	0
03123	448	117	224	13	0	0
03124	672	117	224	13	4	0
031241	672	117	112	6	0	0
031242	784	117	112	6	0	0
031243	672	123	112	6	0	0
031244	784	123	112	6	0	1	5
0313	0	130	448	26	4	0
03131	0	130	224	13	0	0
03132	224	130	224	13	4	0
031321	224	130	112	6	0	1	1
031322	336	130	112	6	0	1	1
031323	224	136	112	6	0	1	1
031324	336	136	112	6	0	1	1
03133	0	143	224	13	0	0
03134	224	143	224	13	4	0
031341	224	143	112	6	0	1	1
031342	336	143	112	6	0	1	1
031343	224	149	112	6	0	0
031344	336	149	112	6	0	0
0314	448	130	448	26	4	0
03141	448	130	224	13	0	0
03142	672	130	224	13	4	0
031421	672	130	112	6	0	0
031422	784	130	112	6	0	1	5
031423	672	136	112	6	0	0
031424	784	136	112	6	0	1	5
03143	448	143	224	13	0	0
03144	672	143	224	13	0	0
032	896	104	896	52	4	0
0321	896	104	448	26	4	0
03211	896	104	224	13	4	0
032111	896	104	112	6	0	1	6
032112	1008	104	112	6	0	1	8
032113	896	110	112	6	0	1	6
032114	1008	110	112	6	0	1	8
03212	1120	104	224	13	4	0
032121	1120	104	112	6	0	0
032122	1232	104	112	6	0	1	14
032123	1120	110	112	6	0	0
032124	1232	110	112	6	0	1	14
03213	896	117	224	13	0	0
03214	1120	117	224	13	0	0
0322	1344	104	448	26	4	0
03221	1344	104	224	13	4	0
032211	1344	104	112	6	0	1	14
032212	1456	104	112	6	0	1	14
032213	1344	110	112	6	0	1	14
032214	1456	110	112	6	0	1	14
03222	1568	104	224	13	4	0
032221	1568	104	112	6	0	1	14
032222	1680	104	112	6	0	0
032223	1568	110	112	6	0	1	14
032224	1680	110	112	6	0	0
03223	1344	117	224	13	4	0
032231	1344	117	112	6	0	0
032232	1456	117	112	6	0	0
032233	1344	123	112	6	0	0
032234	1456	123	112	6	0	1	15
03224	1568	117	224	13	0	0
0323	896	130	448	26	4	0
03231	896	130	224	13	0	0
03232	1120	130	224	13	4	0
032321	1120	130	112	6	0	0
032322	1232	130	112	6	0	1	11
032323	1120	136	112	6	0	0
032324	1232	136	112	6	0	1	11
03233	896	143	224	13	0	0
03234	1120	143	224	13	4	0
032341	1120	143	112	6	0	0
032342	1232	143	112	6	0	1	11
032343	1120	149	112	6	0	0
032344	1232	149	112	6	0	0
0324	1344	130	448	26	4	0
03241	1344	130	224	13	4	0
032411	1344	130	112	6	0	1	11
032412	1456	130	112	6	0	1	15
032413	1344	136	112	6	0	1	11
032414	1456	136	112	6	0	1	15
03242	1568	130	224	13	0	0
03243	1344	143	224	13	4	0
032431	1344	143	112	6	0	1	11
032432	1456	143	112	6	0	1	15
032433	1344	149	112	6	0	0
032434	1456	149	112	6	0	0
03244	1568	143	224	13	0	0
033	0	156	896	52	4	0
0331	0	156	448	26	4	0
03311	0	156	224	13	4	0
033111	0	156	112	6	0	1	0
033112	112	156	112	6	0	1	0
033113	0	162	112	6	0	1	0
033114	112	162	112	6	0	1	0
03312	224	156	224	13	4	0
033121	224	156	112	6	0	1	0
033122	336	156	112	6	0	0
033123	224	162	112	6	0	1	0
033124	336	162	112	6	0	0
03313	0	169	224	13	4	0
033131	0	169	112	6	0	1	0
033132	112	169	112	6	0	1	0
033133	0	175	112	6	0	0
033134	112	175	112	6	0	0
03314	224	169	224	13	4	0
033141	224	169	112	6	0	1	0
033142	336	169	112	6	0	0
033143	224	175	112	6	0	0
033144	336	175	112	6	0	0
0332	448	156	448	26	4	0
03321	448	156	224	13	0	0
03322	672	156	224	13	4	0
033221	672	156	112	6	0	0
033222	784	156	112	6	0	0
033223	672	162	112	6	0	0
033224	784	162	112	6	0	1	4
03323	448	169	224	13	0	0
03324	672	169	224	13	4	0
033241	672	169	112	6	0	0
033242	784	169	112	6	0	1	4
033243	672	175	112	6	0	0
033244	784	175	112	6	0	1	4
0333	0	182	448	26	0	0
0334	448	182	448	26	0	0
034	896	156	896	52	4	0
0341	896	156	448	26	4	0
03411	896	156	224	13	4	0
034111	896	156	112	6	0	0
034112	1008	156	112	6	0	0
034113	896	162	112	6	0	1	7
034114	1008	162	112	6	0	1	7
03412	1120	156	224	13	4	0
034121	1120	156	112	6	0	0
034122	1232	156	112	6	0	0
034123	1120	162	112	6	0	1	10
034124	1232	162	112	6	0	1	10
03413	896	169	224	13	4	0
034131	896	169	112	6	0	1	7
034132	1008	169	112	6	0	1	7
034133	896	175	112	6	0	1	7
034134	1008	175	112	6	0	1	7
03414	1120	169	224	13	4	0
034141	1120	169	112	6	0	1	10
034142	1232	169	112	6	0	1	10
034143	1120	175	112	6	0	0
034144	1232	175	112	6	0	0
0342	1344	156	448	26	4	0
03421	1344	156	224	13	4	0
034211	1344	156	112	6	0	1	13
034212	1456	156	112	6	0	0
034213	1344	162	112	6	0	1	13
034214	1456	162	112	6	0	0
03422	1568	156	224	13	4	0
034221	1568	156	112	6	0	1	16
034222	1680	156	112	6	0	1	16
034223	1568	162	112	6	0	1	16
034224	1680	162	112	6	0	1	16
03423	1344	169	224	13	4	0
034231	1344	169	112	6	0	1	13
034232	1456	169	112	6	0	0
034233	1344	175	112	6	0	1	13
034234	1456	175	112	6	0	0
03424	1568	169	224	13	4	0
034241	1568	169	112	6	0	1	16
034242	1680	169	112	6	0	1	16
034243	1568	175	112	6	0	0
034244	1680	175	112	6	0	0
0343	896	182	448	26	0	0
0344	1344	182	448	26	0	0
04	1792	104	1792	104	4	0
041	1792	104	896	52	4	0
0411	1792	104	448	26	4	0
04111	1792	104	224	13	4	0
041111	1792	104	112	6	0	1	19
041112	1904	104	112	6	0	0
041113	1792	110	112	6	0	1	19
041114	1904	110	112	6	0	0
04112	2016	104	224	13	4	0
041121	2016	104	112	6	0	0
041122	2128	104	112	6	0	1	23
041123	2016	110	112	6	0	0
041124	2128	110	112	6	0	1	23
04113	1792	117	224	13	4	0
041131	1792	117	112	6	0	0
041132	1904	117	112	6	0	0
041133	1792	123	112	6	0	0
041134	1904	123	112	6	0	1	21
04114	2016	117	224	13	0	0
0412	2240	104	448	26	4	0
04121	2240	104	224	13	0	0
04122	2464	104	224	13	0	0
04123	2240	117	224	13	4	0
041231	2240	117	112	6	0	0
041232	2352	117	112	6	0	0
041233	2240	123	112	6	0	1	25
041234	2352	123	112	6	0	1	25
04124	2464	117	224	13	4	0
041241	2464	117	112	6	0	0
041242	2576	117	112	6	0	0
041243	2464	123	112	6	0	1	27
041244	2576	123	112	6	0	1	27
0413	1792	130	448	26	4	0
04131	1792	130	224	13	4	0
041311	1792	130	112	6	0	0
041312	1904	130	112	6	0	1	21
041313	1792	136	112	6	0	0
041314	1904	136	112	6	0	1	21
04132	2016	130	224	13	4	0
041321	2016	130	112	6	0	1	22
041322	2128	130	112	6	0	1	22
041323	2016	136	112	6	0	1	22
041324	2128	136	112	6	0	1	22
04133	1792	143	224	13	0	0
04134	2016	143	224	13	4	0
041341	2016	143	112	6	0	1	22
041342	2128	143	112	6	0	1	22
041343	2016	149	112	6	0	0
041344	2128	149	112	6	0	0
0414	2240	130	448	26	4	0
04141	2240	130	224	13	4	0
041411	2240	130	112	6	0	1	25
041412	2352	130	112	6	0	1	25
041413	2240	136	112	6	0	1	25
041414	2352	136	112	6	0	1	25
04142	2464	130	224	13	4	0
041421	2464	130	112	6	0	1	27
041422	2576	130	112	6	0	2	27	29
041423	2464	136	112	6	0	1	27
041424	2576	136	112	6	0	2	27	29
04143	2240	143	224	13	0	0
04144	2464	143	224	13	4	0
041441	2464	143	112	6	0	1	27
041442	2576	143	112	6	0	2	27	29
041443	2464	149	112	6	0	0
041444	2576	149	112	6	0	0
042	2688	104	896	52	4	0
0421	2688	104	448	26	4	0
04211	2688	104	224	13	4	0
042111	2688	104	112	6	0	1	30
042112	2800	104	112	6	0	1	30
042113	2688	110	112	6	0	1	30
042114	2800	110	112	6	0	1	30
04212	2912	104	224	13	4	0
042121	2912	104	112	6	0	0
042122	3024	104	112	6	0	0
042123	2912	110	112	6	0	0
042124	3024	110	112	6	0	1	32
04213	2688	117	224	13	4	0
042131	2688	117	112	6	0	0
042132	2800	117	112	6	0	0
042133	2688	123	112	6	0	0
042134	2800	123	112	6	0	0
04214	2912	117	224	13	4	0
042141	2912	117	112	6	0	0
042142	3024	117	112	6	0	1	32
042143	2912	123	112	6	0	0
042144	3024	123	112	6	0	1	32
0422	3136	104	448	26	0	0
0423	2688	130	448	26	4	0
04231	2688	130	224	13	4	0
042311	2688	130	112	6	0	1	29
042312	2800	130	112	6	0	0
042313	2688	136	112	6	0	1	29
042314	2800	136	112	6	0	0
04232	2912	130	224	13	4	0
042321	2912	130	112	6	0	0
042322	3024	130	112	6	0	1	32
042323	2912	136	112	6	0	0
042324	3024	136	112	6	0	1	32
04233	2688	143	224	13	4	0
042331	2688	143	112	6	0	1	29
042332	2800	143	112	6	0	0
042333	2688	149	112	6	0	0
042334	2800	149	112	6	0	0
04234	2912	143	224	13	4	0
042341	2912	143	112	6	0	0
042342	3024	143	112	6	0	1	32
042343	2912	149	112	6	0	0
042344	3024	149	112	6	0	1	32
0424	3136	130	448	26	0	0
043	1792	156	896	52	4	0
0431	1792	156	448	26	4	0
04311	1792	156	224	13	4	0
043111	1792	156	112	6	0	0
043112	1904	156	112	6	0	0
043113	1792	162	112	6	0	1	18
043114	1904	162	112	6	0	0
04312	2016	156	224	13	0	0
04313	1792	169	224	13	4	0
043131	1792	169	112	6	0	1	18
043132	1904	169	112	6	0	0
043133	1792	175	112	6	0	1	18
043134	1904	175	112	6	0	0
04314	2016	169	224	13	0	0
0432	2240	156	448	26	4	0
04321	2240	156	224	13	4	0
043211	2240	156	112	6	0	0
043212	2352	156	112	6	0	0
043213	2240	162	112	6	0	1	24
043214	2352	162	112	6	0	1	26
04322	2464	156	224	13	4	0
043221	2464	156	112	6	0	0
043222	2576	156	112	6	0	1	28
043223	2464	162	112	6	0	1	26
043224	2576	162	112	6	0	1	28
04323	2240	169	224	13	4	0
043231	2240	169	112	6	0	1	24
043232	2352	169	112	6	0	1	26
043233	2240	175	112	6	0	0
043234	2352	175	112	6	0	1	26
04324	2464	169	224	13	4	0
043241	2464	169	112	6	0	1	26
043242	2576	169	112	6	0	1	28
043243	2464	175	112	6	0	1	26
043244	2576	175	112	6	0	1	28
0433	1792	182	448	26	0	0
0434	2240	182	448	26	0	0
044	2688	156	896	52	4	0
0441	2688	156	448	26	4	0
04411	2688	156	224	13	0	0
04412	2912	156	224	13	4	0
044121	2912	156	112	6	0	0
044122	3024	156	112	6	0	1	32
044123	2912	162	112	6	0	1	31
044124	3024	162	112	6	0	1	31
04413	2688	169	224	13	0	0
04414	2912	169	224	13	4	0
044141	2912	169	112	6	0	1	31
044142	3024	169	112	6	0	1	31
044143	2912	175	112	6	0	1	31
044144	3024	175	112	6	0	1	31
0442	3136	156	448	26	0	0
0443	2688	182	448	26	0	0
0444	3136	182	448	26	0	0
